dict(
    {
        "bol_measure_numbers": [
            1,
            4,
            7,
            12,
            17,
            25,
            32,
            36,
            40,
            46,
            51,
            56,
            61,
            66,
            71,
            76,
            81,
            86,
            90,
            96,
            101,
            108,
            113,
            120,
            126,
            131,
            136,
            141,
            146,
            152,
            158,
            161,
            166,
            169,
            176,
            181,
            186,
            192,
            196,
            200,
            204,
            210,
            216,
            221,
            225,
            230,
            234,
            240,
            245,
            250,
            255,
            262,
            264,
            266,
        ],
    }
)
