abjad.OrderedDict(
    [
        (
            "bol_measure_numbers",
            [
                1,
                7,
                13,
                19,
                26,
                36,
                42,
                49,
                58,
                64,
                70,
                78,
                85,
                92,
                99,
                106,
                113,
                120,
                127,
                134,
                141,
                151,
                157,
                164,
                171,
                178,
                183,
                190,
                196,
                204,
                212,
                218,
                225,
                230,
                237,
                244,
                249,
                255,
                262,
            ],
        ),
        ("catalog_number_suffix", "LED"),
        ("paper_size", "ledger"),
        ("price", "$89 / \\\\euro 89"),
    ]
)
