dict(
    {
        "bol_measure_numbers": [
            1,
            4,
            8,
            12,
            16,
            21,
            25,
            29,
            34,
            37,
            40,
            45,
            49,
            53,
            58,
            61,
            65,
            68,
            73,
            77,
            81,
            85,
            89,
            94,
            98,
            101,
            105,
            109,
            113,
            117,
            121,
            125,
            130,
            133,
            137,
            141,
            145,
            149,
            154,
            157,
            161,
            165,
            169,
            173,
            178,
            181,
            185,
            189,
            194,
            197,
            201,
            205,
            209,
            213,
            217,
            221,
            225,
            228,
            232,
            235,
            240,
            245,
            249,
            252,
            256,
            260,
            263,
            266,
        ],
    }
)
